{
 "cells": [
  {
   "cell_type": "markdown",
   "metadata": {},
   "source": [
    "|Points||X||Y|\n",
    "|---||---||---|\n",
    "|Point P1||0.40||0.53|\n",
    "|Point P2||0.22||0.38|\n",
    "|Point P3||0.35||0.32|\n",
    "|Point P4||0.26||0.19|\n",
    "|Point P5||0.08||0.41|\n",
    "|Point P6||0.45||0.30|\n",
    "\n",
    "There are 6 points given and the X and Y coordinate are provided as per below table. Create the distance matrix. Use Euclidean distance measure for your computation."
   ]
  },
  {
   "cell_type": "code",
   "execution_count": 1,
   "metadata": {},
   "outputs": [],
   "source": [
    "# Import libraries\n",
    "import pandas as pd\n",
    "from scipy.spatial import distance_matrix"
   ]
  },
  {
   "cell_type": "code",
   "execution_count": 2,
   "metadata": {},
   "outputs": [
    {
     "data": {
      "text/html": [
       "<div>\n",
       "<style scoped>\n",
       "    .dataframe tbody tr th:only-of-type {\n",
       "        vertical-align: middle;\n",
       "    }\n",
       "\n",
       "    .dataframe tbody tr th {\n",
       "        vertical-align: top;\n",
       "    }\n",
       "\n",
       "    .dataframe thead th {\n",
       "        text-align: right;\n",
       "    }\n",
       "</style>\n",
       "<table border=\"1\" class=\"dataframe\">\n",
       "  <thead>\n",
       "    <tr style=\"text-align: right;\">\n",
       "      <th></th>\n",
       "      <th>X</th>\n",
       "      <th>Y</th>\n",
       "    </tr>\n",
       "  </thead>\n",
       "  <tbody>\n",
       "    <tr>\n",
       "      <th>Point P1</th>\n",
       "      <td>0.40</td>\n",
       "      <td>0.53</td>\n",
       "    </tr>\n",
       "    <tr>\n",
       "      <th>Point P2</th>\n",
       "      <td>0.22</td>\n",
       "      <td>0.38</td>\n",
       "    </tr>\n",
       "    <tr>\n",
       "      <th>Point P3</th>\n",
       "      <td>0.35</td>\n",
       "      <td>0.32</td>\n",
       "    </tr>\n",
       "    <tr>\n",
       "      <th>Point P4</th>\n",
       "      <td>0.26</td>\n",
       "      <td>0.19</td>\n",
       "    </tr>\n",
       "    <tr>\n",
       "      <th>Point P5</th>\n",
       "      <td>0.08</td>\n",
       "      <td>0.41</td>\n",
       "    </tr>\n",
       "    <tr>\n",
       "      <th>Point P6</th>\n",
       "      <td>0.45</td>\n",
       "      <td>0.30</td>\n",
       "    </tr>\n",
       "  </tbody>\n",
       "</table>\n",
       "</div>"
      ],
      "text/plain": [
       "             X     Y\n",
       "Point P1  0.40  0.53\n",
       "Point P2  0.22  0.38\n",
       "Point P3  0.35  0.32\n",
       "Point P4  0.26  0.19\n",
       "Point P5  0.08  0.41\n",
       "Point P6  0.45  0.30"
      ]
     },
     "execution_count": 2,
     "metadata": {},
     "output_type": "execute_result"
    }
   ],
   "source": [
    "# Create dataframe\n",
    "data = [[0.40,0.53], [0.22,0.38], [0.35,0.32], [0.26,0.19], [0.08,0.41], [0.45,0.30]]\n",
    "points = ['Point P1', 'Point P2', 'Point P3', 'Point P4', 'Point P5', 'Point P6']\n",
    "\n",
    "df = pd.DataFrame(data, columns=['X', 'Y'], index=points)\n",
    "df"
   ]
  },
  {
   "cell_type": "code",
   "execution_count": 3,
   "metadata": {},
   "outputs": [
    {
     "data": {
      "text/html": [
       "<div>\n",
       "<style scoped>\n",
       "    .dataframe tbody tr th:only-of-type {\n",
       "        vertical-align: middle;\n",
       "    }\n",
       "\n",
       "    .dataframe tbody tr th {\n",
       "        vertical-align: top;\n",
       "    }\n",
       "\n",
       "    .dataframe thead th {\n",
       "        text-align: right;\n",
       "    }\n",
       "</style>\n",
       "<table border=\"1\" class=\"dataframe\">\n",
       "  <thead>\n",
       "    <tr style=\"text-align: right;\">\n",
       "      <th></th>\n",
       "      <th>Point P1</th>\n",
       "      <th>Point P2</th>\n",
       "      <th>Point P3</th>\n",
       "      <th>Point P4</th>\n",
       "      <th>Point P5</th>\n",
       "      <th>Point P6</th>\n",
       "    </tr>\n",
       "  </thead>\n",
       "  <tbody>\n",
       "    <tr>\n",
       "      <th>Point P1</th>\n",
       "      <td>0.000000</td>\n",
       "      <td>0.234307</td>\n",
       "      <td>0.215870</td>\n",
       "      <td>0.367696</td>\n",
       "      <td>0.341760</td>\n",
       "      <td>0.235372</td>\n",
       "    </tr>\n",
       "    <tr>\n",
       "      <th>Point P2</th>\n",
       "      <td>0.234307</td>\n",
       "      <td>0.000000</td>\n",
       "      <td>0.143178</td>\n",
       "      <td>0.194165</td>\n",
       "      <td>0.143178</td>\n",
       "      <td>0.243516</td>\n",
       "    </tr>\n",
       "    <tr>\n",
       "      <th>Point P3</th>\n",
       "      <td>0.215870</td>\n",
       "      <td>0.143178</td>\n",
       "      <td>0.000000</td>\n",
       "      <td>0.158114</td>\n",
       "      <td>0.284605</td>\n",
       "      <td>0.101980</td>\n",
       "    </tr>\n",
       "    <tr>\n",
       "      <th>Point P4</th>\n",
       "      <td>0.367696</td>\n",
       "      <td>0.194165</td>\n",
       "      <td>0.158114</td>\n",
       "      <td>0.000000</td>\n",
       "      <td>0.284253</td>\n",
       "      <td>0.219545</td>\n",
       "    </tr>\n",
       "    <tr>\n",
       "      <th>Point P5</th>\n",
       "      <td>0.341760</td>\n",
       "      <td>0.143178</td>\n",
       "      <td>0.284605</td>\n",
       "      <td>0.284253</td>\n",
       "      <td>0.000000</td>\n",
       "      <td>0.386005</td>\n",
       "    </tr>\n",
       "    <tr>\n",
       "      <th>Point P6</th>\n",
       "      <td>0.235372</td>\n",
       "      <td>0.243516</td>\n",
       "      <td>0.101980</td>\n",
       "      <td>0.219545</td>\n",
       "      <td>0.386005</td>\n",
       "      <td>0.000000</td>\n",
       "    </tr>\n",
       "  </tbody>\n",
       "</table>\n",
       "</div>"
      ],
      "text/plain": [
       "          Point P1  Point P2  Point P3  Point P4  Point P5  Point P6\n",
       "Point P1  0.000000  0.234307  0.215870  0.367696  0.341760  0.235372\n",
       "Point P2  0.234307  0.000000  0.143178  0.194165  0.143178  0.243516\n",
       "Point P3  0.215870  0.143178  0.000000  0.158114  0.284605  0.101980\n",
       "Point P4  0.367696  0.194165  0.158114  0.000000  0.284253  0.219545\n",
       "Point P5  0.341760  0.143178  0.284605  0.284253  0.000000  0.386005\n",
       "Point P6  0.235372  0.243516  0.101980  0.219545  0.386005  0.000000"
      ]
     },
     "execution_count": 3,
     "metadata": {},
     "output_type": "execute_result"
    }
   ],
   "source": [
    "# Create distance matrix\n",
    "pd.DataFrame(distance_matrix(df.values, df.values), index=df.index, columns=df.index)"
   ]
  }
 ],
 "metadata": {
  "kernelspec": {
   "display_name": "Python 3",
   "language": "python",
   "name": "python3"
  },
  "language_info": {
   "codemirror_mode": {
    "name": "ipython",
    "version": 3
   },
   "file_extension": ".py",
   "mimetype": "text/x-python",
   "name": "python",
   "nbconvert_exporter": "python",
   "pygments_lexer": "ipython3",
   "version": "3.8.5"
  }
 },
 "nbformat": 4,
 "nbformat_minor": 4
}
